116273.jpg  -28.591549295774655  -13.070422535211272  -61.67605633802819  -61.67605633802819
171986.jpg  302.5625  25.75  326.703125  326.703125
052280.jpg  -26.354838709677423  -28.80645161290323  -110.32258064516128  -110.32258064516128
030654.jpg  63.5  48.0  114.5  114.5
092296.jpg  -26.063291139240512  -34.15189873417722  -115.03797468354432  -115.03797468354432
161287.jpg  221.80473372781063  105.62130177514793  397.1360946745562  397.1360946745562
018395.jpg  37.6  28.0  143.20000000000002  143.20000000000002
101094.jpg  55.5  40.0  283.0  283.0
066622.jpg  74.78260869565219  7.304347826086957  48.69565217391305  48.69565217391305
092284.jpg  44.0  35.2  110.0  110.0
159900.jpg  16.42857142857143  4.0  25.14285714285714  25.14285714285714
200638.jpg  -1.5890410958904084  -1.5342465753424648  -7.260273972602704  -7.260273972602704
021875.jpg  166.140625  141.640625  489.234375  489.234375
070481.jpg  7.6  4.0  178.40000000000003  178.40000000000003
081959.jpg  -6.179775280898873  -7.4157303370786565  -25.213483146067404  -25.213483146067404
101848.jpg  86.69835466179158  19.868372943327238  99.3418647166362  99.3418647166362
157925.jpg  88.8  166.4  796.8  796.8
101926.jpg  234.828125  198.6328125  818.3671875  818.3671875
048363.jpg  25.535714285714285  61.28571428571429  158.32142857142858  158.32142857142858
065909.jpg  -4.411764705882355  -9.0  -34.41176470588235  -34.41176470588235
164025.jpg  145.5398138572906  39.316442605997935  290.38986556359873  290.38986556359873
132133.jpg  58.875  19.875  85.875  85.875
012198.jpg  27.200000000000003  46.8  186.40000000000003  186.40000000000003
185254.jpg  79.68686868686869  24.747474747474747  85.13131313131314  85.13131313131314
080795.jpg  -1.1578947368421062  -1.6842105263157876  -13.052631578947398  -13.052631578947398
105924.jpg  64.0  30.5  133.0  133.0
029989.jpg  27.902439024390247  1.0731707317073171  45.609756097560975  45.609756097560975
009532.jpg  88.5  179.0  139.5  139.5
087614.jpg  56.304568527918775  0.23857868020304562  35.54822335025379  35.54822335025379
047755.jpg  86.08839779005525  40.99447513812155  121.22651933701658  121.22651933701658
070318.jpg  57.60000000000001  8.0  55.60000000000001  55.60000000000001
084540.jpg  10.846153846153847  20.769230769230774  69.69230769230771  69.69230769230771
155308.jpg  57.60000000000001  38.400000000000006  87.20000000000002  87.20000000000002
007046.jpg  4.35443037974683  2.481012658227847  7.240506329113913  7.240506329113913
125257.jpg  352.1875  43.640625  509.140625  509.140625
117942.jpg  55.2  33.2  95.20000000000002  95.20000000000002
115827.jpg  50.8  18.0  198.8  198.8
093238.jpg  67.2  21.200000000000003  83.2  83.2
133818.jpg  14.8  44.0  198.8  198.8
053836.jpg  57.60000000000001  25.200000000000003  104.4  104.4
021199.jpg  505.375  115.375  618.3125  618.3125
166307.jpg  15.669491525423727  29.152542372881356  118.4322033898305  118.4322033898305
062441.jpg  50.41095890410959  18.90410958904109  67.73972602739727  67.73972602739727
