000000397133.jpg 0 288 203 71 270 0 20 273 40 35
000000252219.jpg 0 235 265 46 191 0 45 272 79 220 0 371 271 80 209
000000480985.jpg 0 68 260 31 27 0 45 260 18 24 0 370 272 30 86 0 18 262 15 21 0 308 280 26 74 0 412 250 6 37 0 330 257 16 16 0 342 255 14 15
000000386912.jpg 0 208 243 142 239
000000348881.jpg 0 379 279 20 66 0 170 123 15 55
000000174482.jpg 1 222 210 201 407 2 285 106 52 39 2 126 100 59 47 2 246 105 20 25 2 61 91 17 19 2 82 92 6 15
000000356387.jpg 1 113 369 152 85 0 322 333 43 155 1 192 338 40 27 0 7 271 14 77 0 257 281 9 24 0 237 273 7 27 0 215 273 10 35 0 206 273 9 32 0 309 279 11 24 0 276 287 8 46 0 132 254 5 29 0 157 258 10 29 0 282 291 9 25 0 247 274 6 28 0 296 301 15 91 0 171 271 237 69
000000087038.jpg 1 183 261 38 52 0 150 211 7 26 0 181 236 28 84 0 49 225 10 37 0 60 223 18 44 0 70 223 12 40 0 216 210 8 33 1 105 223 9 19 0 248 230 47 160 0 159 209 6 28 0 113 219 10 32 0 139 215 5 29 0 270 215 11 30 0 135 213 4 30 0 130 213 6 32 0 208 208 414 87
000000296649.jpg 2 347 366 137 90 2 159 290 22 31 2 233 292 12 24 0 230 345 42 124 0 194 347 33 126 0 38 335 74 151 0 310 326 69 126 0 176 290 16 34 0 187 289 10 40 1 175 336 16 66 3 293 36 3 4 3 298 123 2 1 0 74 274 12 28 0 83 276 10 24 0 171 294 8 40 0 177 276 5 17 3 367 44 3 3 3 361 105 2 4 0 372 323 20 44 0 351 330 59 122 2 160 272 21 16 0 203 299 16 52
000000017627.jpg 2 207 233 71 58 2 57 243 76 81 2 43 208 50 44 2 142 231 66 52 2 291 225 46 43 2 340 225 58 43 0 103 225 12 62 0 173 206 9 18 2 233 208 18 23 2 74 224 19 30 2 402 224 26 29 2 370 225 22 31 2 321 211 44 21 0 115 216 6 26 0 126 205 10 19
000000303818.jpg 2 60 154 112 50 0 214 147 13 41 0 175 150 22 45 0 160 143 19 38 0 164 137 13 40 0 144 144 20 41 0 281 155 23 49 0 234 141 5 16 0 184 144 26 46 0 38 123 13 12 0 16 130 12 21 2 101 112 10 3 0 260 155 18 49 0 230 153 25 45
000000463730.jpg 2 374 248 83 133 0 117 241 37 122 0 103 242 38 124 0 204 219 19 98 0 60 225 14 42 0 237 155 8 25 0 39 234 27 117 0 224 211 19 54 0 263 124 17 30 2 236 219 9 46 2 214 190 14 14 0 385 208 20 22 0 371 191 19 48 0 87 224 8 42 0 403 193 13 49 0 330 118 22 43 0 196 186 391 147
000000460347.jpg 2 346 59 53 29 2 348 16 37 15 2 272 17 41 27 0 227 108 25 12 0 167 104 7 6 2 170 18 41 25
000000322864.jpg 2 208 317 416 140 2 324 243 79 28 2 12 248 22 36 2 41 244 58 30 0 286 228 14 17 2 361 244 108 82
000000289393.jpg 3 377 349 76 121 8 142 265 178 183
000000460160.jpg 3 213 231 91 52
000000456496.jpg 3 273 356 22 64 3 100 309 33 53 3 36 307 49 44 0 143 182 92 232
000000041888.jpg 3 170 222 86 86 3 220 254 63 94 3 295 270 104 101
000000555705.jpg 4 312 185 207 324 4 107 200 215 283
000000443303.jpg 4 288 230 255 242
000000025560.jpg 4 209 229 244 138 0 176 109 105 169
000000403817.jpg 4 162 232 228 359
000000545826.jpg 4 127 210 217 397
000000166277.jpg 4 157 163 312 322
000000269314.jpg 4 216 191 62 80
000000219578.jpg 5 161 233 285 241 4 343 207 141 125
000000185250.jpg 5 231 310 113 117 0 173 221 107 189 0 5 252 11 45
000000494869.jpg 5 75 341 150 135 0 264 170 175 225 0 236 273 89 129
000000329219.jpg 5 213 298 39 105 0 162 162 96 321
000000029393.jpg 5 222 276 162 203
000000512836.jpg 5 318 230 144 84 5 102 222 93 87 0 185 219 128 244 0 76 100 46 99
000000107226.jpg 5 173 255 92 134 5 93 258 85 148 5 33 308 65 148 0 357 143 116 187 0 28 121 36 40 0 193 153 148 137 0 219 95 34 24 0 293 112 20 51 0 51 118 41 43 0 114 118 50 75 0 259 150 55 122 1 375 241 80 153 0 309 111 22 39 0 80 106 51 68
000000360661.jpg 6 140 234 182 146 6 322 242 161 130 6 26 230 52 106 0 163 188 45 69 0 342 193 42 75 0 84 231 21 81 0 7 179 14 41
000000016228.jpg 6 285 238 128 188 0 142 232 30 106 0 216 194 23 51 0 60 217 20 62 0 80 213 8 56 0 86 211 15 64 0 29 219 9 58 0 104 197 6 20 0 47 220 9 51 0 12 229 14 38 0 177 196 12 22 0 349 175 12 28 0 61 217 13 51 0 8 211 7 55 0 208 216 400 120
000000382088.jpg 6 201 239 158 340
000000367680.jpg 6 145 220 31 73 2 312 250 95 90 0 241 215 21 56 0 161 206 10 22 0 43 186 8 26 0 38 186 6 27 0 322 226 26 19 0 224 213 12 57 0 362 178 8 12 0 368 178 5 12 0 189 208 19 35
000000244099.jpg 6 133 168 74 82 0 134 136 29 81
000000460682.jpg 6 223 319 75 128
000000481159.jpg 6 205 261 167 279
000000181666.jpg 7 124 353 30 113 7 203 332 50 140 7 249 326 57 113 7 300 345 42 104 0 194 213 34 101 0 41 198 15 25 0 5 217 10 76 7 368 341 36 112 7 315 265 22 31 7 294 276 14 31 7 8 321 17 85 7 159 361 34 108 7 312 223 29 28 7 75 341 47 119 7 403 324 25 101 7 336 344 47 101
000000198960.jpg 7 129 258 159 175 7 251 282 151 150 7 316 263 124 150
000000410428.jpg 7 82 276 158 238 7 187 258 69 134 7 268 238 103 141 7 208 145 19 29 7 140 148 7 15 7 238 117 6 5 7 263 112 3 4 7 242 112 6 8 7 256 107 8 9 7 16 131 7 8
000000546556.jpg 7 210 308 408 143 7 87 255 11 11 7 205 295 18 20 7 405 310 16 17
000000528524.jpg 7 268 186 66 92 7 167 256 120 163
000000428562.jpg 7 157 208 270 369 7 355 220 119 270 7 385 44 61 87 7 339 91 50 69 7 203 84 150 119 0 55 71 73 138 0 217 22 23 45 0 146 28 14 54 7 316 361 199 108 0 188 25 11 51 0 202 21 10 43 7 110 118 48 39 7 160 14 27 28 0 276 37 43 74
000000500663.jpg 8 199 317 24 20 8 264 300 12 9 8 290 283 5 5
000000418281.jpg 8 126 309 115 131 8 234 322 45 41
000000412887.jpg 8 208 238 413 343
000000417085.jpg 8 319 326 83 140 8 243 312 61 174
000000219440.jpg 8 365 291 100 246 8 270 275 240 271 8 110 271 216 288 8 47 318 72 185 8 395 154 18 12
000000580418.jpg 8 336 309 105 202 8 141 327 193 177 8 53 290 107 242 2 402 298 26 106 2 386 288 40 92 2 131 227 62 52 8 289 260 29 86 0 314 226 9 13
000000286994.jpg 9 250 302 71 62 9 204 210 21 18 9 333 204 31 20 9 91 203 33 27 9 170 214 13 10 9 184 213 15 11 9 244 212 16 9 9 45 201 23 14 9 8 197 17 17
000000314294.jpg 9 253 191 124 186 9 261 25 18 43
000000475779.jpg 9 151 259 303 312
000000314294.jpg 9 253 191 124 186 9 261 25 18 43
000000475779.jpg 9 151 259 303 312
000000085478.jpg 10 272 248 138 122
000000318080.jpg 10 140 205 205 176 10 323 194 184 173
000000092839.jpg 10 233 215 364 392
000000042296.jpg 10 239 151 286 291
000000560266.jpg 10 129 177 157 259 10 303 213 222 256
000000127955.jpg 10 302 202 202 342 10 118 248 231 308
000000307658.jpg 10 188 222 372 374
000000417465.jpg 10 209 212 341 386
000000270244.jpg 11 149 234 165 186
000000516316.jpg 11 314 265 70 60 11 113 271 86 70 3 281 132 1 4 3 218 128 1 1 3 239 129 1 4 3 212 123 3 4 3 176 131 3 3 3 169 126 3 1 3 272 128 3 3 3 93 133 1 1 3 89 125 1 2
000000125211.jpg 11 231 242 368 332
000000562121.jpg 11 274 272 77 177 11 246 270 77 168 11 97 217 10 20
000000311295.jpg 11 349 251 49 61 11 35 227 30 41 11 158 242 29 46 11 63 228 10 38
000000454750.jpg 11 134 212 268 396 11 265 289 225 252
000000509735.jpg 11 163 278 104 96 11 61 275 118 99 11 84 206 35 39